Block1\t1,2,3,4,5,6,15,16,17,18,19,20,33,34
Block2\t7,8,9,10,11,12,13,14,21,22,25,26,27
Block3\t29,30,31,32,43,44,45,46,59,60,73,74,87,88,89
Block4\t23,24,35,36,37,38,47,48,49,50,51,64,65,78,79
Block5\t39,40,41,52,53,54,66,67,68,80,81,82,94,95,96,108,109
Block6\t28,42,55,56,69,70,83,84,97,98,111
Block7\t57,58,71,72,85,86,99,100,101,113,114,115,127
Block8\t102,103,116,117,128,129,130,131,142,143,144,145,146,158,159,160,171,172,185,186
Block9\t141,155,156,157,169,170,183,184
Block10\t176,187,188,189,190,191,192
Block11\t110,112,124,125,126,139,140
Block12\t151,152,153,154,165,166,167,168,179,180,181,182,193,194,195,196
Block13\t120,121,122,123,134,135,136,137,138,148,149,150
Block14\t61,62,63,75,76,77,90,91,92,93,104,105,106,107,118,119,132,133,147,161,162,163,164,173,174,175,177,178
