Block1\t1,2,3,4,5,6,15,16,17,20,21,35,29,31,43,45,46,47,57,59,60,71
Block2\t7,8,9,10,11,12,13,24,38
Block3\t14,28,42,56,54,68,69,70,84,98,112
Block4\t25,26,27,39,40,41,51,52,53,55,66,67
Block5\t18,19,22,23,32,33,34,36,37,48,49,50,64
Block6\t30,44,58,72,73,74,75,61,62,63
Block7\t85,86,87,88,89,99,102,113,115,116,117,131,145,146,147,133,119
Block8\t76,77,78,90,91,92,93,103,104,105,106,118,120,132,134,148,161,162
Block9\t65,79,80,81,82,83,94,97,107,108,110,111,122,124,125
Block10\t100,101,114,127,128,129,141,155,156,157,169,170,183,184
Block11\t95,96,109,123,121,126,135,136,137,138,139,140,153,167
Block12\t130,142,143,144,158,159,160,171,172,173,174,175,185,186,187
Block13\t149,163,176,177,188,189,190,191,192,193,194,179
Block14\t150,151,152,154,164,165,166,168,178,180,181,182,195,196
